density = 1180;
time = [0;1;2;3;4;5;6;7;8;9;10];
pHigh = deg2rad([-180;-90;-90;-90;-90;-90;-90;-90;-90;-90;-90]);
pLow =  deg2rad([-180;-175;-170;-165;-160;-155;-150;-145;-140;-135;-120]);
pMid =  deg2rad([-180;-165;-150;-135;-120;-105;-90;-90;-90;-90;-90]);

lp = deg2rad([162;192;222;252;260;260;260;260;260;260;260]);

tpHigh = deg2rad([95;125;190;200;210;210;210;210;210;210;210]);
tpLow = deg2rad([95;100;105;110;115;120;125;130;135;150;160]);
tpMid = deg2rad([95;125;155;180;180;180;180;180;180;180;180]);

move = 1;

% clear a index middle ring little thumb
% a = arduino();
% index = servo(a,'D3');
% middle = servo(a,'D5');
% ring = servo(a, 'D6');
% little = servo(a, 'D10');
% thumb = servo(a, 'D11');
% 
% writePosition(index, 0);
% writePosition(middle, 0);
% writePosition(ring, 0);
% writePosition(little, 0);
% writePosition(thumb, 0);




